ШЕШТІМ:

1. "Балқаш ауданы бойынша дауыс беруді өткізу және дауыс санау үшін сайлау учаскелерін құру туралы" Балқаш ауданы әкімінің 2018 жылғы 14 желтоқсандағы № 12-3 шешіміне (Нормативтік құқықтық актілерді мемлекеттік тіркеу тізілімінде № 4953 тіркелген) келесі өзгерістер енгізілсін:

көрсетілген шешімнің атауы жаңа редакцияда жазылсын:

"Балқаш ауданының аумағында сайлау учаскелерін құру туралы";

көрсетілген шешімнің 1-тармағы жаңа редакцияда жазылсын:

"1. Балқаш ауданының аумағында сайлау учаскелері қосымшаға сәйкес құрылсын.";

көрсетілген шешімнің қосымшасы осы шешімнің қосымшасына сәйкес жаңа редакцияда жазылсын.

2. Осы шешімнің орындалуын бақылау Балқаш ауданы әкімінің жетекшілік ететін орынбасарына жүктелсін.

3. Осы шешім оның алғашқы ресми жарияланған күнінен кейін қолданысқа енгізіледі.


Балқаш ауданы әкімінің м.а	|	Б. Абдибаев
"КЕЛІСІЛДІ" Балқаш аудандық аумақтық сайлау комиссиясы



	|	Балқаш ауданы әкімінің м.а 2022 жылғы 29 желтоқсандағы № 12-02 шешіміне қосымша
	|	Балқаш ауданы әкімінің 2018 жылғы14 желтоқсандағы № 12-3шешіміне қосымша

Балқаш ауданының аумағындағы сайлау учаскелері № 97 сайлау учаскесі
Орналасқан жері: Миялы ауылы, А. Қасымбеков көшесі № 3, "Алматы облысы білім басқармасының Балқаш ауданы бойынша білім бөлімі" мемлекеттік мекемесінің "Қарағаш орта мектебі" мемлекеттік коммуналдық мекемесінің ғимараты.

Шекарасы Миялы ауылы:

Алимов көшесі: № 1А, 2, 3, 4, 5, 6, 7, 8, 9, 10, 11, 12, 13, 14, 15, 16, 17, 18, 19, 20, 21, 22, 23, 24, 25, 26, 27, 28, 29, 30, 31, 32, 33, 34, 35, 36, 37, 38, 39, 40;

Ардагер көшесі: № 1, 2, 3, 4, 5, 6, 7, 8, 9, 10, 11А;

Жеңіс көшесі: № 1, 2, 3, 4, 5, 6, 7, 8, 9, 10, 11, 12, 13, 14, 15, 16, 17;

Жетісу көшесі: № 2, 3, 4, 5, 6, 7, 8, 9, 10, 11, 12, 13, 14, 15, 16, 17, 18, 19, 20, 21, 22, 23, 24, 25;

Жүнісбаев көшесі: № 1, 2, 3, 4, 5, 6, 7, 8, 9, 10, 11, 12, 13, 14, 15, 16, 17, 18, 19, 20, 21, 22, 23, 24, 25, 26, 27, 28, 29, 30, 31, 32, 33, 34, 35, 36, 37, 38, 39, 40, 41, 42, 43, 44, 45, 46, 47, 48, 49, 50, 51, 52, 53, 54, 55, 56, 57, 58, 59, 60, 61, 62, 63, 64, 65, 66, 67;

А. Қасымбеков көшесі: № 1, 2, 3, 4, 5, 6, 7, 8, 9, 10, 11, 12, 13, 14, 15, 16, 17, 18, 19, 20, 21, 22, 23, 24, 25, 26, 27, 28, 29, 30, 31, 32, 33, 34, 35, 36, 37, 38, 39, 40;

Малайсары көшесі: № 2, 3, 4, 5, 6;

Тасмұрын көшесі: № 1, 2, 3, 4, 5, 6, 7, 8, 9, 10, 11, 12, 13, 14, 15, 16, 17, 18, 19, 20, 21;

Ы. Алтынсарин көшесі: № 1А, 2, 3, 4, 5, 6, 7.

№ 98 сайлау учаскесі

Орналасқан жері: Бақбақты ауылы, Абай көшесі № 12, Балқаш ауданының әкімінің "Аудандық мәдениет үйі" мемлекеттік коммуналдық қазыналық кәсіпорнының Бақбақты ауылдық мәдениет үйінің ғимараты.

Шекарасы Бақбақты ауылы:

Абай көшесі: № 1, 2, 3, 4, 5, 6, 7, 8, 9, 10, 11, 12, 13, 14, 15, 16, 17, 18, 19, 20, 21, 22, 23, 24, 25, 26, 27, 28, 29, 30, 31, 32, 33, 34, 35, 36, 37, 38;

Б. Момышұлы көшесі: № 1, 2, 3, 4, 5, 6, 7, 8, 9, 10, 11, 12, 13, 14, 15, 16, 17, 18, 19, 20, 21, 22, 23, 24, 25, 26, 27, 28, 29, 30, 31, 32, 33, 34, 35, 36;

Бәйдібек баба көшесі: № 1, 2, 3, 4, 5, 6, 7, 8, 9, 10, 11, 12, 13, 14, 15, 16, 17, 18, 19, 20, 21, 22, 23, 24, 25, 26, 27, 28, 29, 30, 31, 32, 33, 34, 35, 36, 37, 38, 39, 40, 41, 42, 43, 44, 45, 46, 47, 48, 49, 50, 51, 52, 53, 54, 55;

Байсейітова көшесі: № 1, 2, 3, 4, 5, 6, 7, 8, 9, 10, 11, 12, 13, 14, 15, 16, 17, 18, 19, 20, 21, 22, 23, 24, 25, 26, 27;

Домалақ Ене көшесі: № 1, 2, 3, 4, 5, 6, 7, 8, 9, 10, 11, 12, 13, 14, 15, 16;

Дүйсебайұлы көшесі: № 1, 2, 3, 4, 5, 6, 7, 8, 9, 10, 11, 12, 13, 14, 15, 16, 17, 18, 19, 20, 21, 22, 23, 24, 25, 26, 27, 28, 29, 30, 31, 32, 33, 34, 35, 36, 37, 38, 39, 40, 41;

Едіге Батыр көшесі: № 1, 2, 3, 4, 5, 6, 7, 8, 9, 10, 11, 12, 13, 14, 15, 16, 17, 18, 19, 20, 21, 22, 23, 24, 25, 26, 27, 28, 29, 30, 31, 32, 33, 34, 35, 36, 37, 38, 39, 40, 41, 42, 43, 44, 45, 46, 47, 48, 49, 50, 51, 52, 53, 54, 55;

Ж. Барібаев көшесі: № 1, 2, 3, 4, 5, 6, 7, 8, 9, 10, 11, 12, 13, 14, 15, 16, 17, 18, 19, 20, 21, 22, 23, 24, 25, 26;

Ж. Жабаев көшесі: № 4, 5, 6, 7, 8, 9, 10, 11, 12, 13, 14, 15, 16, 17, 18, 19;

Жалайыр көшесі: № 1, 2, 3, 4, 5, 6, 7, 8, 9, 10, 11, 12, 13, 14, 15, 16;

Жаналиев көшесі: № 1, 2, 3, 4, 5, 6, 7, 8;

Жандосов көшесі: № 2, 3, 4, 5, 6, 7, 8, 9, 10, 11, 12, 13, 14, 15, 16, 17, 18, 19, 20, 21, 22, 23, 24, 25, 26, 27, 28, 29, 30, 31, 32, 33, 34, 35, 36, 37, 38, 39, 40, 41, 42;

Жансүгіров көшесі: № 1, 2, 3, 4, 5, 6, 7, 8, 9, 10, 11, 12, 13, 14, 15, 16, 17, 18, 19, 20, 21, 22, 23, 24, 25, 26, 27, 28, 29, 30, 31, 32, 33, 34, 35, 36;

Желтоқсан көшесі: № 1, 2, 3, 4, 5, 6, 7, 8, 9, 10, 11, 12, 13, 14, 15, 16, 17, 18, 19, 20, 21, 22, 23, 24, 25, 26, 27, 28, 29;

Мақатаев көшесі: № 1, 2, 3, 4, 5, 6, 7, 8, 9, 10, 11, 12, 13, 14, 15, 16, 17, 18, 19, 20, 21, 22, 23, 24, 25, 26, 27;

Малайсары Батыр көшесі: № 3, 4, 5, 6, 7, 8, 9, 10, 11, 12, 13, 14, 15, 16, 17, 18, 19, 20, 21, 22, 23, 24;

Молдағұлов көшесі: № 1, 2, 3, 4, 5, 6, 7, 8, 9, 10, 11, 12, 13, 14, 15, 16, 17, 18, 19, 20, 21, 22, 23, 24, 25, 26, 27, 28, 29, 30, 31, 32;

Оспанов көшесі: № 1, 2, 3, 4, 5, 6, 7, 8, 9, 10, 11, 12, 13, 14, 15, 16, 17, 18, 19, 20, 21, 22, 23, 24, 25, 26, 27, 28, 29, 30, 31, 32, 33, 34, 35, 36, 37, 38, 39, 40, 41, 42, 43, 44, 45, 46, 47, 48, 49, 50, 51, 52, 53, 54, 55, 56, 57, 58, 59, 60, 61, 62, 63;

Панфилов көшесі: № 1, 2, 3, 4, 5, 6, 7, 8, 9, 10, 11, 12, 13, 14, 15, 16, 17, 18, 19А;

Рысқұлов көшесі: № 1, 2, 3, 4, 5, 6, 7, 8, 9, 10, 11, 12, 13, 14, 15, 16, 17, 18, 19, 20, 21, 22, 23, 24, 25, 26, 27, 28, 29, 30, 31, 32, 33, 34, 35, 36, 37, 38, 39, 40, 41, 42, 43, 44, 45, 46, 47, 48, 49, 50, 51, 52, 53, 54, 55, 56, 57, 58, 59, 60, 61, 62, 63, 64, 65, 66, 67, 68, 69;

Сейфуллин көшесі: № 1, 2, 3, 4, 5, 6, 7, 8, 9, 10, 11, 12, 13, 14, 15, 16, 17, 18, 19, 20;

Т. Бокин көшесі: № 1, 2, 3, 4, 5, 6, 7, 8, 9, 10, 11, 12, 13, 14, 15, 16, 17, 18, 19, 20, 21, 22, 23, 24, 25, 26, 27, 28, 29, 30, 31, 32, 33, 34, 35, 36, 37, 38, 39, 40, 41, 42, 43, 44, 45, 46, 47, 48, 49, 50, 51, 52, 53, 54, 55, 56, 57, 58, 59, 60, 61, 62, 63, 64, 65, 66, 67, 68, 69, 70, 71, 72, 73, 74, 75, 76, 77, 78, 79, 80, 81, 82, 83, 84, 85, 86, 87, 88, 89, 90, 91, 92, 93, 94, 95, 96, 97, 98, 99, 100, 101, 102, 103, 104, 105, 106, 107, 108, 109, 110, 111, 112, 113, 114, 115, 116, 117, 118, 119, 120, 121, 122, 123, 124, 125, 126, 127, 128, 129, 130, 131, 132, 133, 134, 135, 136, 137, 138, 139, 140, 141, 142, 143, 144, 145, 146;

Төле би көшесі: № 1, 2, 3, 4, 5, 6, 7, 8, 9, 10, 11, 12, 13, 14, 15, 16, 17, 18, 19, 20, 21, 22, 23, 24, 25, 26, 27, 28, 29, 30;

Топатаев көшесі: № 1, 2, 3, 4, 5, 6, 7, 8, 9, 10, 11, 12, 13, 14, 15, 16, 17, 18, 19, 20, 21, 22, 23, 24, 25, 26;

Хван көшесі: № 1, 2, 3, 4, 5, 6, 7, 8, 9, 10, 11, 12, 13, 14, 15, 16, 17, 18, 19, 20, 21, 22, 23, 24, 25, 25;

Ы. Алтынсарин көшесі: № 1, 2, 3, 4, 5, 6, 7, 8, 9, 10, 11, 12, 13, 14, 15, 16, 17, 18, 19, 20, 21, 22, 23, 24, 25, 26, 27, 28, 29, 30, 31.

№ 99 сайлау учаскесі

Орналасқан жері: Бірлік ауылы, Т. Рысқұлов көшесі № 19, "Алматы облысы білім басқармасының Балқаш ауданы бойынша білім бөлімі" мемлекеттік мекемесінің "Бірлік орта мектебі" мемлекеттік коммуналдық мекемесінің ғимараты.

Шекарасы Бірлік ауылы:

А. Иманов көшесі: № 1, 2, 3, 4, 5, 6, 7, 8, 9, 10, 11, 12, 13, 14, 15, 16, 17, 18, 19, 20, 21, 22, 23, 24;

А. Молдағұлов көшесі: № 1, 2, 3, 4, 5, 6, 7, 8, 9, 10, 11, 12, 13, 14, 15, 16, 17, 18, 19, 20, 21, 22, 23, 24, 25, 26, 27, 28, 29, 30, 31, 32;

Абай көшесі: № 3, 4, 5, 6, 7, 8, 9, 10, 11, 12, 13, 14, 15, 16, 17, 18, 19, 20, 21, 22;

Байзақов көшесі: № 1, 2, 3, 4, 5, 6, 7, 8, 9, 10, 11, 12, 13, 14, 15, 16, 17, 18, 19, 20, 21, 22, 23, 24, 25, 26, 27, 28, 29, 30, 31, 32;

Бәрібаев көшесі: № 1, 2, 3, 4, 5, 6, 7, 8, 9, 10, 11, 12, 13, 14, 15, 16, 17, 18, 19, 20, 21, 22, 23, 24, 25, 26, 27, 28, 29, 30, 31, 32, 33, 34, 35, 36, 37, 38, 39, 40, 41;

Бөтешов көшесі: № 1, 2, 3, 4, 5, 6, 7, 8, 9, 10, 11;

Жамбыл көшесі: № 2, 3, 4, 5, 6, 7, 8, 9, 10, 11, 12, 13, 14, 15, 16, 17, 18, 19, 20, 21, 22, 23, 24, 25, 26;

И. Жансүгіров көшесі: № 1, 2, 3, 4, 5, 6, 7, 8, 9, 10, 11, 12, 13, 14;

К. Әзербаев көшесі: № 3, 4, 5, 6, 7;

Құрманғазы көшесі: № 1, 2, 3, 4, 5, 6, 7, 8;

М. Мақатаев көшесі: № 1, 2, 3, 4, 5, 6, 7, 8, 9, 10, 11, 12, 13, 14, 15, 16;

М. Маметова көшесі: № 1, 2, 3, 4, 5, 6, 7, 8, 9, 10, 11, 12, 13, 14, 15, 16, 17, 18, 19, 20, 21, 22, 23, 24, 25, 26;

Оразбаев көшесі: № 1, 2, 3, 4, 5, 6;

Панфилов көшесі: № 1, 2, 3, 4, 5, 6, 7, 8, 9, 10, 11, 12, 13, 14, 15, 16, 17, 18, 19, 20, 21, 22, 23, 24;

Р. Топатаев көшесі: № 3, 4, 5, 6, 7, 8, 9, 10, 11, 12, 13, 14, 15, 16, 17, 18, 19;

Т. Бокин көшесі: № 3, 4, 5, 6, 7, 8, 9, 10, 11, 12, 13, 14, 15, 16, 17, 18, 19, 20, 21, 22, 23;

Т. Рысқұлов көшесі: № 1А, 2, 3, 4, 5, 6, 7, 8, 9, 10, 11, 12, 13, 14, 15, 16, 17, 18, 19, 20, 21, 22, 23, 24, 25, 26, 27, 28, 29, 30, 31, 32, 33, 34, 35, 36, 37, 38, 39, 40, 41, 42, 43;

Ш. Уалиханов көшесі: № 1, 2, 3, 4, 5, 6, 7, 8, 9, 10, 11, 12, 13, 14, 15, 16, 17, 18, 19, 20, 21, 22, 23, 24, 25, 26, 27, 28, 29, 30, 31, 32, 33, 34, 35, 36, 37, 38, 39, 40, 41, 42, 43, 44, 45, 46, 47, 48, 49, 50, 51, 52, 53, 54, 55, 56, 57, 58, 59, 60, 61, 62, 63, 64, 65, 66, 67, 68, 69, 70, 71, 72, 73, 74, 75, 76, 77, 78, 79, 80, 81, 82, 83, 84, 85, 86, 87, 88, 89, 90, 91, 92, 93, 94, 95, 96, 97, 98, 99, 100, 101, 102, 103, 104, 105, 106, 107, 108, 109, 110, 111, 112, 113, 114, 115, 116Б;

Шынасылов көшесі: № 1, 2, 3, 4, 5, 6, 7, 8, 9, 10, 11, 12, 13, 14;

Ы. Алтынсарин көшесі: № 1, 2, 3, 4, 5, 6, 7, 8, 9, 10, 11, 12, 13, 14, 15, 16, 17, 18, 19, 20, 21, 22, 23.

№ 100 сайлау учаскесі

Орналасқан жері: Бақанас ауылы, Ы. Алтынсарин көшесі № 21, "Алматы облысы білім басқармасының Балқаш ауданы бойынша білім бөлімі" мемлекеттік мекемесінің "Б. Бейсекбаев атындағы мектеп-гимназиясы мектепке дейінгі шағын орталығымен" мемлекеттік коммуналдық мекемесінің ғимараты.

Шекарасы Бақанас ауылы:

З. Әбілдаев көшесі: № 3, 4, 5, 6, 7, 8, 9, 10, 11, 12, 13, 14, 15, 16, 17, 18, 19, 20, 21, 22, 23, 24, 25, 26, 27, 28, 29, 30, 31, 32, 33, 34, 35, 36, 37, 38, 39, 40, 41, 42, 43, 44, 45, 46, 47, 48, 49, 50, 51, 52, 53, 54, 55, 56, 57, 58, 59;

К. Әзірбаев көшесі: № 1, 2, 3, 4, 5, 6, 7, 8, 9, 10, 11, 12, 13, 14, 15, 16, 17, 18, 19, 20, 21, 22, 23, 24, 25, 26, 27, 28, 29, 30;

Ы. Алтынсарин көшесі: № 1, 2, 3, 4, 5, 6, 7, 8, 9, 10, 11, 12, 13, 14, 15, 16, 17, 18, 19, 20, 21, 22, 23, 24, 25, 26, 27, 28, 29, 30, 31, 32, 33, 34, 35, 36, 37, 38, 39, 40, 41, 42, 43, 44, 45, 46, 47, 48, 49, 50, 51, 52, 53, 54, 55, 56, 57, 58, 59, 60, 61, 62, 63, 64, 65, 66, 67, 68, 69, 70, 71, 72, 73, 74, 75, 76, 77, 78, 79, 80, 81, 82, 83, 84, 85, 86, 87, 88, 89, 90, 91, 92, 93, 94, 95, 96, 97, 98, 99, 100, 101, 102, 103, 104, 105, 106, 107, 108, 109, 110, 111, 112, 113, 114, 115, 116, 117, 118, 119, 120, 121, 122, 123, 124, 125, 126, 127, 128, 129, 130, 131, 132, 133, 134, 135, 136, 137, 138, 139, 140, 141, 142, 143, 144, 145, 146, 147, 148, 149, 150, 151, 152, 153, 154, 155, 156, 157, 158, 159, 160, 161, 162, 163, 164, 165, 166, 167, 168;

А. Ахметов көшесі: № 1, 2, 3, 4, 5, 6, 7, 8, 9, 10, 11, 12, 13, 14, 15, 16, 17, 18, 19, 20, 21, 22, 23, 24, 25, 26, 27, 28, 29, 30, 31, 32, 33, 34, 35, 36, 37, 38, 39, 40, 41, 42, 43, 44, 45;

Қ. Байшіков көшесі: № 1, 2, 3, 4, 5, 6, 7, 8, 9, 10, 11, 12;

Ж. Бәрібаев көшесі: № 1, 2, 3, 4, 5, 6;

Ж. Жабаев көшесі: № 1, 2, 3, 4, 5, 6, 7, 8, 9, 10, 11, 12, 13, 14, 15, 16, 17, 18, 19, 20, 21, 22, 23, 24, 25, 26, 27, 28, 29, 30, 31, 32, 33, 34, 35, 36, 37, 38, 39, 40, 41, 42, 43, 44, 45, 46, 47, 48, 49, 50, 51, 52, 53, 54, 55, 56, 57, 58, 59, 60, 61, 62, 63, 64, 65, 66, 67, 68, 69, 70, 71, 72, 73, 74, 75, 76, 77;

Ж. Иманбаева көшесі: № 1, 2, 3, 4, 5, 6, 7, 8, 9, 10, 11, 12, 13, 14, 15, 16, 17, 18, 19, 20, 21, 22, 23, 24, 25, 26, 27, 28, 29, 30, 31, 32, 33, 34, 35, 36, 37, 38, 39, 40, 41, 42, 43, 44, 45, 46, 47, 48, 49, 50, 51, 52;

Н. Құтпанбетов көшесі: № 1, 2, 3, 4, 5, 6, 7, 8, 9, 10, 11, 12, 13, 14, 15, 16, 17, 18, 19, 20, 21, 22, 23, 24, 25, 26, 27, 28, 29, 30, 31, 32, 33, 34, 35, 36, 37;

Н. Нұрайдаров көшесі: № 1, 2, 3, 4, 5, 6, 7, 8, 9, 10, 11, 12, 13, 14, 15, 16;

Б. Өмірзақов көшесі: № 1, 2, 3, 4, 5, 6, 7, 8, 9, 10, 11, 12, 13, 14, 15, 16, 17;

Ю. Тлеубайұлы көшесі: № 1, 2, 3, 4, 5, 6, 7, 8, 9, 10, 11, 12, 13;

С. Сейфуллин көшесі: № 1, 2, 3, 4, 5, 6, 7, 8, 9, 10, 11, 12, 13, 14, 15, 16, 17, 18, 19, 20, 21, 22, 23, 24, 25, 26, 27, 28, 29, 30, 31, 32, 33, 34, 35, 36, 37, 38, 39, 40, 41, 42, 43, 44, 45, 46, 47, 48, 49, 50, 51, 52, 53, 54, 55, 56, 57, 58, 59, 60, 61, 62;

Салтанат көшесі: № 10, 11, 12, 13, 14, 15, 16, 17, 18, 19, 20, 21, 22, 23, 24, 25, 26, 27, 28, 29, 30, 31, 32, 33, 34, 35, 36, 37, 38, 39, 40, 41, 42, 43, 44, 45Б.

№ 101 сайлау учаскесі

Орналасқан жері: Бақанас ауылы, Д. Қонаев көшесі № 147, Балқаш ауданының әкімінің "Аудандық мәдениет үйі" мемлекеттік коммуналдық қазыналық кәсіпорнының ғимараты.

Шекарасы Бақанас ауылы:

Т. Байқуатов көшесі: № 32, 34, 36, 38, 40, 42, 44, 46, 48, 50, 52, 54, 56, 58, 60, 62, 64, 66, 67, 68, 69, 70, 71, 72, 73, 74, 75, 76, 77, 78, 79, 80, 81, 82, 83, 84, 85, 86, 87, 88, 89, 90, 91, 92, 93, 94, 95, 96, 97, 98, 99, 100, 101, 102, 103, 104, 105, 106, 107, 108, 109, 110, 111, 112, 113, 115, 117, 119, 121, 123, 125, 127, 129, 131, 133, 135, 137, 139, 141;

Бижанов көшесі: № 25, 27, 29, 31, 33, 35, 37, 39, 41, 43, 45, 47, 49, 51, 53, 55, 57, 59, 61, 63, 65, 67, 69, 71, 73, 75, 77, 79, 81, 83, 90, 92, 94, 96, 98, 100, 102, 104, 106, 108, 110, 112, 114, 116, 118, 120, 124, 126, 128, 130;

Қазақстанның 70 жылдығы атындағы көшесі: № 1, 2, 3, 4, 5, 6, 7, 8, 9, 10, 11, 12, 13, 14, 15, 16, 17, 18, 19, 20, 21, 22, 23, 24, 25, 26, 27, 28, 29, 30, 31, 32, 33, 34, 35, 36, 37, 38, 39;

Д. Қонаев көшесі: № 76, 78, 80, 84, 85, 86, 87, 88, 89, 90, 91, 92, 93, 94, 95, 96, 97, 98, 99, 100, 101, 102, 103, 104, 105, 106, 107, 108, 109, 110, 111, 112, 113, 114, 115, 116, 117, 118, 119, 120, 121, 122, 123, 124, 125, 126, 127, 128, 129, 130, 131, 132, 133, 134, 135, 136, 137, 138, 139, 140, 141, 142, 143, 144, 145, 146, 147, 148, 149, 150, 151, 152, 153, 154, 155, 156, 157, 158, 159, 160, 161, 162, 163, 164, 165, 166, 167, 168, 169, 170, 171, 172, 173, 174, 175, 176, 177, 178, 179, 180, 181, 182, 183, 184, 185, 186, 187, 188, 189, 190, 191, 192, 193, 194, 195, 196, 197, 198, 199, 200, 201, 202, 203, 204, 205, 206, 207, 208, 209, 210, 211, 212, 213, 214, 215, 216, 217, 218, 219, 220, 221, 222, 223, 224, 225, 226, 227, 228, 229, 230, 231, 232, 233, 234, 235, 236, 237, 238, 239, 240, 241, 242, 243, 244, 245, 246, 247, 248, 249, 250, 251, 252, 253, 254, 255, 256, 257, 258, 259, 260, 261, 262, 263, 264, 265, 266, 267, 269, 271, 273, 275, 277, 279, 281, 283, 285;

И. Ормышев көшесі: № 2, 3, 4, 5, 6, 7, 8, 9, 10, 11, 12, 13, 14, 15, 16, 17, 18, 19, 20, 21, 22, 23, 24, 25, 26, 27, 28, 29, 30, 31, 32, 33, 34, 35, 36, 37, 38, 39, 40, 41, 42, 43, 44, 45, 46, 47, 48, 49, 50, 51, 52, 53, 54, 55, 56, 57, 58, 59, 60, 61, 62, 63, 64, 65, 66, 67, 68, 69, 70, 71, 72, 73, 74, 75, 76, 77, 78, 79, 80, 81, 82, 83, 84, 85, 86, 87, 88, 89, 90, 91, 92, 93, 94, 95, 96, 97, 98, 99, 100, 101, 102, 103, 104, 105, 106, 107, 108, 109, 110, 111, 112, 113, 114, 115, 116, 117, 118, 119, 120, 121, 122, 123, 124, 125, 126, 127, 128, 129, 130, 131, 132, 133, 134, 135, 136, 137, 138, 139, 140, 141, 142, 143, 144, 145, 146, 147, 148, 149, 150, 151, 152, 153, 154, 155, 156, 157, 158, 159, 160, 161, 162, 163, 164, 165, 166, 167, 168, 169, 170, 171, 172, 173, 174, 175, 176;

Т. Рысқұлов көшесі: № 68, 70, 72, 74, 76, 78, 80, 82, 84, 86, 88, 90, 92, 93, 94, 95, 96, 97, 98, 99, 101, 102, 103, 104, 105, 106, 107, 108, 109, 110, 111, 112, 113, 114, 115, 116, 117, 118, 119, 120, 121, 122, 123, 124, 125, 126, 127, 128, 129, 130, 131, 132, 133, 134, 135, 137, 139, 141, 143, 145, 147, 149, 151, 153, 155, 157, 159, 161, 163, 165, 167, 169, 171;

Самал көшесі: № 1, 2, 3, 4, 5, 6, 7, 8, 9, 10, 11, 12, 13, 14, 15, 16, 17, 18, 19, 20, 21, 22, 23, 24, 25, 26, 27, 28, 29, 30, 31, 32, 33, 34;

Ж. Сарыбаев көшесі: № 1, 2, 3, 4, 5, 6, 7, 8, 9, 10, 11, 12, 13, 14, 15, 16, 17, 18, 19, 20, 21.

Бояулы ауылы:

Б. Нарбайұлы көшесі: № 1, 2, 3, 4, 5, 6, 7, 8, 9, 10, 11, 12, 13, 14, 15, 16;

Қ. Оразбаева көшесі: № 1, 2, 3, 4, 5, 6, 7, 8, 9, 10, 11, 12, 13, 14, 15, 16, 17;

М. Сабырбайұлы көшесі: № 1, 2, 3, 4, 5, 6, 7, 8, 9, 10, 11, 12, 13, 14, 15;

Б. Шектібаев көшесі: № 1, 2, 3, 4, 5, 6, 7, 8, 9, 10, 11, 12.

№ 102 сайлау учаскесі

Орналасқан жері: Бақанас ауылы, Бижанов көшесі № 25, "Азаматтарға арналған үкімет" мемлекеттік корпрациясы" коммерциалық емес акционерлік қоғамының Алматы облысы бойынша филиалының Балқаш аудандық бөлімінің ғимараты.

Шекарасы Бақанас ауылы:

Бижанов көшесі: № 1, 2, 3, 4, 5, 6, 7, 8, 9, 10, 11, 12, 13, 14, 15, 16, 17, 18, 19, 20, 21, 22, 24, 26, 28, 30, 32, 34, 36, 38, 40, 42, 44, 46, 48, 50, 52, 54, 56, 58, 60, 62, 64, 66, 68, 70, 72, 74, 76, 78, 80, 82, 84, 86;

Т. Бокин көшесі: № 1, 2, 3, 4, 5, 6, 7, 8, 9, 10, 11, 12, 13, 14, 15, 16, 17, 18, 19, 20, 21, 22, 23, 24, 25, 26, 27, 28, 29, 30, 31, 32, 33, 34, 35, 36, 37, 38, 39, 40, 41, 42, 43, 44, 45, 46, 47, 48, 49, 50, 51, 52, 53, 54, 55, 56, 57, 58, 59, 60, 61, 62, 63, 64, 65, 66, 67, 68, 69, 70, 71, 72, 73, 74, 75, 76, 77, 78, 79, 80, 81, 82, 83, 84, 85, 86, 87, 88, 89, 90, 91, 92, 93, 94, 95, 96, 97, 98, 99, 100, 101, 102, 103, 104, 105, 106, 107, 108, 109, 110, 111, 112, 113, 114, 115, 116, 117, 118, 119, 120, 121, 122, 123, 124, 125, 126, 127, 128, 129, 130, 131, 132, 133, 134, 135, 136, 137, 138, 139, 140, 141, 142, 143, 144;

Демченко көшесі: № 1, 2, 3, 4, 5, 6, 7, 8, 9, 10, 11, 12, 13, 14, 15, 16, 17, 18, 19, 20, 21, 22, 23, 24, 25, 26, 27, 28, 29, 30, 31, 32, 33;

Достық көшесі: № 1, 2, 3, 4, 5, 6, 7, 8, 9, 10, 11, 12, 13, 14, 15, 16, 17, 18, 19, 20, 21, 22, 23, 24, 25, 26, 27, 28, 29, 30, 31, 32, 33, 34, 35, 36, 37, 38, 39, 40, 41;

Ө. Исабайұлы көшесі: № 1, 2, 3, 4, 5, 6, 7, 8, 9, 10, 11, 12, 13, 14, 15, 16, 17, 18, 19, 20, 21, 22, 23, 24, 25, 26, 27, 28, 29;

Д. Қонаев көшесі: № 1,3,5,7,9,10,11,12,13,14,15, 16, 17, 18, 19, 20, 21, 22, 23, 24, 25, 26, 27, 28, 29, 30, 31, 32, 33, 34, 35, 36, 37, 38, 39, 40, 41, 42, 43, 44, 45, 46, 47, 48, 49, 50, 51, 52, 53, 54, 55, 56, 57, 58, 59, 60, 62, 64, 66, 68, 70;

Т. Рысқұлов көшесі: № 34, 36, 38, 40, 42, 44, 46, 48, 50, 52, 54, 56, 57, 58, 59, 60, 61, 62, 63, 64, 65, 66, 67, 68.

№ 103 сайлау учаскесі

Орналасқан жері: Үшжарма ауылы, Ы. Алтынсарин көшесі № 14 А, "Алматы облысы білім басқармасының Балқаш ауданы бойынша білім бөлімі" мемлекеттік мекемесінің "Үшжарма негізгі орта мектеп жанындағы интернат" мемлекеттік коммуналдық мекемесінің ғимараты.

Шекарасы Үшжарма ауылы:

Ы. Алтынсарин көшесі: № 1, 2, 3, 4, 5, 6, 7, 8, 9, 10, 11, 12, 13, 14 А, 15, 16, 17, 18, 19;

Лесная көшесі: № 1, 2, 3, 4, 5, 6, 7, 8, 9, 10, 11, 12, 13, 14, 15, 16, 17, 18;

Паршин көшесі: № 1, 2, 3, 4, 5, 6, 7, 8, 9, 10, 11, 12, 13, 14, 15, 16, 17, 18, 19, 20;

С. Сейфуллин көшесі: № 1, 2, 3, 4, 5, 6, 7, 8, 9, 10, 11, 12, 13, 14, 15;

Старый поселок көшесі: № 1, 2, 3, 4, 5, 6, 7, 8, 9, 10.

№ 104 сайлау учаскесі

Орналасқан жері: Ақдала ауылы, Д. Қонаев көшесі № 24, Балқаш ауданының әкімінің "Аудандық мәдениет үйі" мемлекеттік коммуналдық қазыналық кәсіпорнының Ақдала ауылдық мәдениет үйінің ғимараты.

Шекарасы Ақдала ауылы:

Абай көшесі: № 3, 4, 5, 6, 7, 8, 9, 10, 11, 12, 13, 14, 15, 16, 17, 18, 19, 20, 21, 22, 23, 24, 25, 26, 27, 28, 29, 30, 31, 32, 33, 34, 35, 36, 37, 38, 39, 40, 41, 42, 43, 44, 45;

Ахметов көшесі: № 1, 2, 3, 4, 5, 6, 7, 8, 9, 10, 11, 12, 13, 14, 15, 16, 17, 18, 19, 20, 21, 22, 23, 24, 25, 26, 27, 28, 29, 30, 31, 32, 33, 34, 35, 36, 37, 38, 39, 40, 41, 42, 43, 44, 45, 46, 47, 48, 49, 50, 51, 52, 53, 54;

Бәрібаев көшесі: № 1, 2, 3, 4, 5, 6, 7, 8, 9, 10, 11, 12;

Д. Қонаева көшесі: № 1, 2, 3, 4, 5, 6, 7, 8, 9, 10, 11, 12, 13, 14, 15, 16, 17, 18, 19, 20, 21, 22, 23, 24, 25, 26, 27, 28;

Ж. Жабаев көшесі: № 1, 2, 3, 4, 5, 6, 7, 8, 9, 10, 11, 12, 13, 14, 15, 16, 17, 18, 19, 20, 21, 22, 23, 24, 25, 26, 27, 28, 29, 30, 31, 32, 33, 34, 35, 36, 37, 38, 39, 40, 41, 42, 43, 44, 45, 46, 47, 48, 49, 50, 51;

Жансүгіров көшесі: № 1, 2, 3, 4, 5, 6, 7, 8, 9, 10, 11, 12, 13, 14, 15, 16, 17, 18, 19, 20, 21, 22, 23, 24, 25, 26, 27, 28, 29, 30, 31, 32, 33, 34, 35, 36, 37, 38, 39, 40, 41, 42, 43, 44, 45, 46, 47, 48, 49, 50, 51, 52, 53, 54, 55, 56, 57, 58, 59, 60, 61, 62;

Иманов көшесі: № 1, 2, 3;

Маметова көшесі: № 1, 2, 3, 4, 5, 6, 7, 8, 9, 10, 11, 12, 13, 14, 15, 16, 17, 18, 19, 20, 21, 22, 23, 24, 25, 26, 27, 28, 29, 30, 31;

Молдағұлова көшесі: № 2, 3, 4, 5, 6, 7, 8, 9, 10, 11, 12, 13, 14, 15, 16, 17, 18, 19, 20, 21, 22, 23, 24, 25, 26, 27, 28, 29, 30, 31, 32, 33, 34, 35, 36, 37, 38, 39, 40, 41, 42, 43, 44, 45, 46, 47, 48, 49, 50, 51, 52, 53, 54, 55, 56;

Момышұлы көшесі: № 2, 3, 4, 5, 6, 7, 8, 9, 10, 11, 12, 13, 14, 15, 16, 17, 18, 19, 20;

Мұратбаева көшесі: № 2, 3, 4, 5, 6, 7, 8, 9, 10, 11, 12, 13, 14, 15, 16, 17, 18, 19, 20, 21, 22, 23, 24, 25, 26, 27, 28, 29, 30, 31, 32;

Ы. Алтынсарин көшесі: № 1, 2, 3, 4, 5, 6, 7, 8, 9, 10, 11, 12, 13, 14, 15, 16, 17, 18, 19, 20, 21, 22, 23, 24, 25, 26, 27, 28, 29, 30, 31, 32, 33, 34, 35, 36, 37, 38, 39, 40, 41, 42, 43, 44, 45, 46, 47, 48, 49, 50, 51, 52, 53, 54, 55, 56, 57, 58, 59, 60, 61, 62, 63, 64, 65, 66, 67, 68, 69, 70, 71, 72, 73, 74, 75, 76, 77, 78, 79, 80, 81, 82.

№ 105 сайлау учаскесі

Орналасқан жері: Береке ауылы, Д. Қонаев көшесі № 16, Балқаш ауданының әкімінің "Аудандық мәдениет үйі" мемлекеттік коммуналдық қазыналық кәсіпорнының Береке ауылдық мәдениет үйінің ғимараты.

Шекарасы Береке ауылы:

Т. Рысқұлов көшесі: № 1, 2, 3, 4, 5, 6, 7, 8, 9, 10, 11, 12, 13, 14, 15, 16, 17, 18, 19, 20, 21, 22, 23, 24;

А. Байтұрсынов көшесі: № 1, 2, 3, 4, 5, 6, 7, 8, 9, 10, 11, 12, 13, 14, 15, 16;

А. Молдағұлова көшесі: № 1, 2, 3, 4, 5, 6, 7, 8, 9, 10, 11, 12, 13, 14, 15, 16, 17, 18, 19, 20, 21;

Ардагер көшесі: № 1, 2, 3, 4, 5, 6, 7, 8, 9, 10, 11;

Б. Момышұлы көшесі: № 1, 2, 3, 4, 5, 6, 7, 8, 9, 10, 11, 12, 13, 14, 15, 16, 17, 18, 19, 20, 21;

Береке көшесі: № 2, 3, 4;

Д. Қонаев көшесі: № 1, 2, 3, 4, 5, 6, 7, 8, 9, 10, 11, 12, 13, 14, 15, 16, 17, 18, 19, 20, 21, 22, 23, 24, 25, 26, 27, 28, 29, 30, 31, 32, 33;

Жансүгіров көшесі: № 2, 3, 4;

М. Маметова көшесі: № 1, 2, 3, 4, 5, 6, 7, 8, 9, 10, 11, 12, 13, 14, 15, 16, 17, 18, 19, 20, 21, 22;

С. Темірбеков көшесі: № 1, 2, 3, 4, 5, 6, 7, 8.

№ 106 сайлау учаскесі

Орналасқан жері: Бура ауылы, Д. Қонаев көшесі № 16, "Алматы облысы білім басқармасының Балқаш ауданы бойынша білім бөлімі" мемлекеттік мекемесінің "Ы. Алтынсарин атындағы орта мектебі мектепке дейінгі шағын орталығымен" мемлекеттік коммуналдық мекемесінің ғимараты.

Шекарасы Бура ауылы:

А. Жұбанов көшесі: № 1, 2, 3, 4, 5, 6, 7, 8, 9;

Д. Қонаев көшесі: № 1, 2, 3, 4, 5, 6, 7, 8, 9, 10, 11, 12, 13, 14, 15, 16, 17, 18, 19;

Сейфуллин көшесі: № 1, 2, 3, 4, 5, 6, 7, 8, 9, 10, 11, 12, 13, 14;

Төле би көшесі: № 1, 2, 3, 4, 5, 6, 7, 8, 9, 10, 11, 12, 13, 14, 15, 16, 17, 18, 19, 20, 21, 22, 23, 24, 25, 26, 27, 28, 29, 30, 31, 32, 33, 34, 35, 36, 37;

Ы. Алтынсарин көшесі: № 2, 3, 4, 5, 6, 7, 8, 9, 10, 11, 12, 13, 14, 15, 16, 17, 18, 19.

№ 107 сайлау учаскесі

Орналасқан жері: Ақкөл ауылы, Орталық көшесі № 13, Балқаш ауданының әкімінің "Аудандық мәдениет үйі" мемлекеттік коммуналдық қазыналық кәсіпорнының Ақкөл ауылдық мәдениет үйінің ғимараты.

Шекарасы Ақкөл ауылы:

Арыстанбеков көшесі: № 1, 2, 3, 4, 5, 6, 7, 8, 9, 10, 11, 12, 13, 14, 15, 16, 17, 18, 19, 20, 21, 22, 23, 24, 25, 26, 27, 28, 29, 30, 31, 32;

Бұлғақбаев көшесі: № 1, 2, 3, 4, 5, 6, 7, 8, 9, 10, 11, 12, 13, 14, 15, 16, 17, 18, 19, 20, 21, 22, 23, 24, 25, 26, 27, 28, 29, 30, 31;

Дүйсенбаев көшесі: № 1, 2, 3, 4, 5, 6, 7, 8, 9, 10, 11, 12, 13, 14, 15, 16, 17, 18, 19, 20, 21, 22, 23, 24, 25, 26, 27, 28, 29, 30, 31;

Жандосов көшесі: № 1, 2, 3, 4, 5, 6, 7, 8, 9, 10, 11, 12, 13, 14;

Иманов көшесі: № 1, 2, 3, 4, 5, 6, 7, 8, 9;

Қойшыбеков көшесі: № 3, 4, 5, 6, 7, 8, 9, 10, 11, 12, 13, 14, 15, 16, 17, 18;

Орталық көшесі: № 1, 2, 3, 4, 5, 6, 7, 8, 9, 10, 11, 12, 13, 14, 15;

Сейфуллин көшесі: № 1, 2, 3, 4, 5, 6, 7, 8, 9, 10, 11;

Темірбаев көшесі: № 1, 2, 3, 4, 5, 6, 7, 8, 9, 10, 11, 12, 13, 14, 15, 16, 17, 18, 19, 20, 21, 22, 23, 24, 25, 26, 27, 28, 29, 30, 31, 32, 33.

№ 108 сайлау учаскесі

Орналасқан жері: Көкжиде ауылы, Мектеп көшесі № 1, "Алматы облысы білім басқармасының Балқаш ауданы бойынша білім бөлімі" мемлекеттік мекемесінің "Көкжиде орта мектебі" мемлекеттік коммуналдық мекемесінің ғимараты.

Шекарасы Көкжиде ауылы:

Байғозиев көшесі: № 1, 2, 3, 4, 5, 6, 7, 8, 9, 10, 11, 12, 13, 14, 15, 16, 17;

Қарсыбеков көшесі: № 1, 2, 3, 4, 5, 6, 7, 8, 9, 10, 11, 12, 13, 14, 15, 16, 17, 18, 19, 20;

Мектеп көшесі: № 1, 2, 3, 4, 5, 6, 7, 8, 9, 10, 11, 12, 13, 14, 15, 16, 17, 18, 19, 20;

Өсербаев көшесі: № 1, 2, 3, 4, 5, 6, 7, 8, 9, 10, 11, 12, 13, 14, 15;

Сүгіров көшесі: № 1, 2, 3, 4, 5, 6, 7, 8, 9, 10, 11, 12, 13, 14, 15, 16, 17, 18, 19, 20, 21, 22;

Таубаев көшесі: № 2, 3, 4, 5, 6, 7, 8, 9, 10, 11, 12, 13, 14, 15, 16, 17, 18.

№ 109 сайлау учаскесі

Орналасқан жері: Көктал ауылы, Ахметов көшесі № 16, Балқаш ауданының әкімінің "Аудандық мәдениет үйі" мемлекеттік коммуналдық қазыналық кәсіпорнының Көктал ауылдық мәдениет үйінің ғимараты.

Шекарасы Көктал ауылы:

Әмірбай көшесі: № 1, 2, 3, 4, 5, 6, 7, 8, 9, 10, 11, 12, 13, 14, 15, 16, 17, 18, 19, 20, 21, 22, 23, 24, 25, 26, 27, 28, 29;

Әуезов көшесі: № 2, 3, 4, 5, 6, 7, 8, 9, 10, 11, 12, 13, 14, 15, 16, 17, 18, 19, 20, 21, 22, 23, 24, 25, 26, 27, 28;

Ахметов көшесі: № 1, 2, 3, 4, 5, 6, 7, 8, 9, 10, 11, 12, 13, 14, 15, 16, 17, 18, 19, 20, 21, 22, 23, 24, 25, 26;

Базаркұл көшесі: № 2, 3, 4, 5, 6, 7, 8, 9, 10, 11, 12, 13, 14, 15, 16, 17, 18, 19, 20, 21, 22;

Дүйсенбек көшесі: № 1, 2, 3, 4, 5, 6, 7, 8, 9, 10, 11, 12, 13, 14, 15, 16, 17, 18, 19;

Жандосов көшесі: № 1, 2, 3, 4, 5, 6, 7, 8, 9, 10, 11, 12, 13, 14, 15, 16, 17, 18, 19, 20, 21, 22, 23, 24, 25, 26;

Маметова көшесі: № 1, 2, 3, 4, 5, 6, 7, 8, 9, 10, 11, 12, 13, 14, 15, 16, 17, 18, 19, 20;

Молдағұлова көшесі: № 3, 4, 5, 6, 7, 8, 9, 10, 11, 12, 13, 14, 15, 16, 17, 18, 19, 20, 22;

Мұңайтпасов көшесі: № 3, 4, 5, 6, 7, 8, 9, 10, 11, 12, 13, 14, 15, 16, 17, 18, 19, 20;

Сарбас көшесі: № 1, 2, 3, 4, 5, 6, 7, 8, 9, 10, 11, 12, 13, 14А;

Сәтпаев көшесі: № 1, 2, 3, 4, 5, 6, 7, 8, 9, 10, 11, 12, 13, 14, 15, 16;

Сүндетбай көшесі: № 1, 2, 3, 4, 5, 6, 7, 8, 9, 10, 11, 12, 13, 14, 15, 16, 17, 18, 19, 20, 21, 22.

№ 110 сайлау учаскесі

Орналасқан жері: Қоскүмбез ауылы, Қоскүмбез көшесі № 11/2, "Балқаш аудандық орталық ауруханасы" мемлекеттік коммуналдық кәсіпорынының Қоскүмбез ауылдық фельдшерлік акушерлік пунктінің ғимараты.

Шекарасы Қоскүмбез ауылы:

Қоскүмбез көшесі: № 1, 2, 3, 4, 5, 6, 7, 8, 9, 10, 11, 12, 13, 14, 15, 16, 17, 18, 19, 20, 21, 22, 23, 24, 25, 26.

№ 111 сайлау учаскесі

Орналасқан жері: Қарой ауылы, Мектеп көшесі № 37, Балқаш ауданының әкімінің "Аудандық мәдениет үйі" мемлекеттік коммуналдық қазыналық кәсіпорнының Қарой ауылдық мәдениет үйінің ғимараты.

Шекарасы Қарой ауылы:

А. Әбілдаев көшесі: № 1, 2, 3, 4, 5, 6, 7, 8, 9, 10, 11, 12, 13, 14, 15, 16, 17, 18, 19, 20, 21, 22, 23, 24, 25, 26, 27, 28, 29, 30, 31, 32, 33, 34, 35, 36, 37, 38, 39, 40, 41, 42, 43, 44, 45, 46, 47, 48, 49, 50, 51, 52, 53;

А. Ахметов көшесі: № 1, 2, 3, 4, 5, 6, 7, 8, 9, 10, 11, 12, 13, 14, 15, 16, 17, 18;

З. Быдышов көшесі: № 1, 2, 3, 4, 5, 6, 7, 8, 9, 10, 11, 12, 13, 14, 15, 16, 17, 18, 19, 20, 21, 22, 23, 24, 25, 26, 27, 28, 29, 30, 31, 32, 33, 34, 35, 36, 37, 38, 39, 40, 41, 42, 43, 44, 45;

З. Қартбаев көшесі: № 1, 2, 3, 4, 5, 6, 7, 8, 9, 10, 11, 12, 13, 14, 15, 16, 17, 18, 19, 20, 21, 22, 23А;

И. Нүсіпбаев көшесі: № 1, 2, 3, 4, 5, 6, 7, 8, 9, 10, 11, 12, 13, 14, 15, 16, 17, 18, 19, 20, 21, 22, 23, 24;

К. Демесінов көшесі: № 1, 2, 3, 4, 5, 6, 7, 8, 9, 10, 11, 12, 13, 14, 15, 16, 17, 18, 19, 20, 21, 22, 23, 24, 25, 26, 27, 28, 29, 30, 31, 32, 33, 34, 35, 36, 37, 38, 39, 40, 41, 42, 43, 44, 45, 46, 47, 48, 49, 50, 51, 52, 53Б;

К. Есімбеков көшесі: № 1, 2, 3, 4, 5, 6, 7, 8, 9, 10, 11, 12, 13, 14, 15, 16, 17, 18, 19, 20, 21, 22, 23, 24, 25, 26, 27, 28;

К. Несіпбаев көшесі: № 1, 2, 3, 4, 5, 6, 7, 8, 9, 10, 11, 12, 13, 14, 15, 16, 17, 18, 19, 20, 21, 22, 23, 24;

Мектеп көшесі: № 1, 2, 3, 4, 5, 6, 7, 8, 9, 10, 11, 12, 13, 14, 15, 16, 17, 18, 19, 20, 21, 22, 23, 24, 25, 26, 27, 28, 29, 30, 31, 32, 33, 34, 35, 36, 37, 38, 39;

Нарын көшесі: № 1, 2, 3, 4, 5, 6, 7, 8, 9, 10, 11, 12, 13, 14, 15, 16, 17, 18, 19, 20, 21, 22, 23, 24, 25, 26, 27, 28, 29, 30, 31, 32, 33, 34, 35, 36, 37, 38;

С. Досболов көшесі: № 1, 2, 3, 4, 5, 6, 7, 8, 9, 10, 11, 12, 13, 14, 15, 16, 17, 18, 19, 20, 21, 22, 23, 24, 25, 26, 27, 28, 29;

Х. Каренеев көшесі: № 1, 2, 3, 4, 5, 6, 7, 8, 9, 10, 11, 12, 13, 14, 15, 16, 17, 18, 19, 20, 21, 22, 23, 24, 25, 26, 27, 28, 29, 30, 31, 32, 33, 34, 35, 36, 37, 38, 39, 40, 41, 42, 43, 44, 45, 46, 47, 48, 49, 50, 51, 52, 53, 54, 55, 56, 57, 58, 69;

Аралқұм ауылы:

Аралқұм көшесі: № 1, 2, 3, 4, 5, 6, 7, 8, 9, 10;

Архар ауылы:

Архар көшесі: № 1, 2, 3, 4, 5, 6, 7, 8, 9, 10, 11, 12, 13, 14, 15, 16, 17, 18, 19, 20.

№ 112 сайлау учаскесі

Орналасқан жері: Ақжар ауылы, Ақжар көшесі № 1, Балқаш ауданының әкімінің "Аудандық мәдениет үйі" мемлекеттік коммуналдық қазыналық кәсіпорнының Ақжар ауылдық мәдениет үйінің ғимараты.

Шекарасы Ақжар ауылы:

Ақжар көшесі: № 1, 2, 3, 4, 5, 6, 7, 8, 9, 10, 11, 12, 13, 14, 15, 16, 17, 18, 19, 20, 21, 22, 23;

Бәрібаев көшесі: № 1, 2, 3, 4, 5, 6, 7, 8, 9, 10, 11, 12, 13, 14, 15, 16, 17, 18, 19, 20, 21, 22, 23, 24, 25, 26, 27, 28, 29;

Т. Бокин көшесі: № 1, 2, 3, 4, 5, 6, 7, 8, 9, 10, 11, 12, 13, 14, 15, 16, 17, 18, 19, 20, 21, 22, 23, 24, 25А;

Дәуренбеков көшесі: № 1, 2, 3, 4, 5, 6, 7, 8, 9, 10, 11, 12, 13, 14, 15, 16, 17, 18;

Мұратбаев көшесі: № 1, 2, 3, 4, 5, 6, 7, 8;

Тұйғынбаев көшесі: № 1, 2, 3, 4, 5, 6, 7, 8, 9, 10, 11, 12, 13, 14, 15, 16, 17, 18, 19, 20, 21, 22, 23, 24, 25, 26, 27, 28, 29, 30, 31, 32, 33А.

№ 113 сайлау учаскесі

Орналасқан жері: Аралтөбе ауылы, Б. Момышұлы көшесі № 37, "Алматы облысы білім басқармасының Балқаш ауданы бойынша білім бөлімі" мемлекеттік мекемесінің "Аралтөбе орта мектебі мектепке дейінгі шағын орталығымен" мемлекеттік коммуналдық мекемесінің ғимараты.

Шекарасы Аралтөбе ауылы:

Б. Момышұлы көшесі: № 1, 2, 3, 4, 5, 6, 7, 8, 9, 10, 11, 12, 13, 14, 15, 16, 17, 18, 19, 20, 21, 22, 23, 24, 25, 26, 27, 28, 29, 30, 31, 32, 33, 34, 35, 36, 37, 38, 39, 40, 41, 42, 43, 44, 45, 46, 47;

Бейсекбаев көшесі: № 1, 2, 3, 4, 5, 6, 7, 8, 9, 10, 11, 12, 13, 14, 15, 16, 17, 18, 19, 20, 21, 22, 23, 24;

Бірлік көшесі: № 1, 2, 3, 4, 5, 6, 7, 8, 9, 10, 11, 12, 13, 14, 15, 16, 17, 18, 19А;

Достық көшесі: № 1, 2, 3, 4, 5, 6, 7, 8, 9, 10, 11;

Көктем көшесі: № 1, 2, 3, 4, 5, 6, 7, 8, 9, 10, 11, 12, 13, 14, 15, 16, 17, 18, 19, 20, 21, 22, 23, 24, 25, 26А;

Сәтбаев көшесі: № 1, 2, 3, 4, 5, 6, 7, 8, 9, 10, 11, 12, 13, 14, 15, 16, 17, 18Б.

№ 114 сайлау учаскесі

Орналасқан жері: Желтораңғы ауылы, К. Шағырұлы көшесі № 2, Балқаш ауданының әкімінің "Аудандық мәдениет үйі" мемлекеттік коммуналдық қазыналық кәсіпорнының Желтораңғы ауылдық мәдениет үйінің ғимараты.

Шекарасы Желтораңғы ауылы:

Аэродромный көшесі: № 1, 2, 3, 4, 5, 6, 7, 8, 9, 10, 11, 12, 13, 14, 15, 16, 17, 18, 19, 20;

Балтағұл көшесі: № 1, 2, 3, 4, 5, 6, 7, 8, 9, 10, 11, 12, 13, 14, 15, 16, 17, 18, 19, 20, 21, 22, 23, 24, 25, 26, 27, 28, 29, 30, 31, 32, 33, 34, 35, 36, 37А;

Бірлік көшесі: № 1, 2, 3, 4, 5, 6, 7, 8, 9, 10, 11, 12, 13, 14, 15, 16, 17, 18, 19, 20, 21, 22, 23, 24, 25, 26, 27, 28, 29, 30, 31, 32, 33, 34, 35, 36, 37;

Бөлтірік көшесі: № 1, 2, 3, 4, 5, 6, 7, 8, 9, 10, 11, 12, 13, 14, 15, 16, 17, 18, 19, 20, 21, 22, 23, 24, 25, 26, 27, 28, 29, 30, 31, 32, 33, 34, 35, 36, 37, 38, 39, 40, 41, 42, 43, 44, 45, 46;

Жастар көшесі: № 1, 2, 3, 4, 5, 6, 7, 8, 9, 10, 11, 12, 13, 14;

К. Шағырұлы көшесі: № 1, 2, 3, 4, 5, 6, 7, 8, 9, 10, 11, 12, 13, 14, 15, 16, 17, 18, 19, 20, 21, 22, 23, 24, 25;

Қасымбек көшесі: № 1, 2, 3, 4, 5, 6, 7, 8, 9, 10, 11, 12, 13, 14, 15, 16, 17, 18, 19, 20, 21, 22, 23, 24, 25, 26, 27, 28, 29, 30, 31, 32, 33, 34, 35, 36, 37, 38, 39, 40, 41, 42, 43, 44, 45;

Қожамқұл көшесі: № 1, 2, 3, 4, 5, 6, 7, 8, 9, 10, 11, 12, 13, 14, 15, 16, 17, 18, 19, 20;

С. Көпжасаров көшесі: № 3, 4, 5, 6, 7, 8, 9, 10, 11, 12, 13, 14, 15, 16.

Қасқаөгіз ауылы:

Қасқаөгіз көшесі: № 1, 2, 3, 4, 5, 6, 7, 8, 9, 10.

№ 115 сайлау учаскесі

Орналасқан жері: Топар ауылы, Бөлтірік көшесі № 5, Балқаш ауданының әкімінің "Аудандық мәдениет үйі" мемлекеттік коммуналдық қазыналық кәсіпорнының Топар ауылдық мәдениет үйінің ғимараты.

Шекарасы Топар ауылы:

Аманқұлов көшесі: № 1, 2, 3, 4, 5, 6, 7, 8, 9, 10, 11, 12, 13, 14;

Б. Момышұлы көшесі: № 2, 3, 4, 5, 6, 7, 8, 9, 10, 11, 12, 13, 14, 15, 16, 17, 18;

Бекқұлов көшесі: № 1, 2, 3, 4, 5, 6, 7, 8, 9, 10, 11;

Бөлтірік көшесі: № 1, 2, 3, 4, 5, 6, 7, 8, 9, 10, 11, 12, 13, 14, 15, 16, 17, 18, 19;

Дауылбаев көшесі: № 1, 2, 3, 4, 5, 6, 7, 8А;

Қалабаев көшесі: № 1, 2, 3, 4, 5, 6, 7, 8, 9, 10, 11, 12, 13;

Қоспаев көшесі: № 1, 2, 3, 4, 5, 6, 7, 8, 9, 10, 11, 12, 13, 14, 15, 16, 17;

Мамеке көшесі: № 1, 2, 3, 4, 5, 6, 7, 8;

Набережный көшесі: № 1, 2, 3, 4, 5, 6, 7, 8, 9, 10, 11, 12, 13, 14, 15, 16, 17, 18, 19, 20, 21, 22, 23, 24, 25, 26, 27, 28, 29, 30, 31, 32А;

Оңғарбаев көшесі: № 1, 2, 3, 4, 5, 6, 7, 8, 9, 10, 11, 12, 13, 14, 15, 16, 17, 18, 19, 20, 21, 22, 23, 24, 25, 26, 27, 28, 29, 30, 31, 32, 33, 34;

Түркіменов көшесі: № 1, 2, 3, 4, 5, 6, 7, 8, 9, 10, 11, 12, 13, 14, 15, 16, 17, 18, 19, 20, 21, 22, 23, 24, 25, 26, 27;

Шапорев көшесі: № 1А, 2, 3, 4, 5, 6, 7, 8, 9, 10, 11, 12, 13, 14, 15, 16, 17, 18, 19, 20, 21, 22, 23, 24, 25А.

№ 116 сайлау учаскесі

Орналасқан жері: Балатопар ауылы, А. Достемесұлы көшесі № 26, "Алматы облысы білім басқармасының Балқаш ауданы бойынша білім бөлімі" мемлекеттік мекемесінің "№ 2 Жамбыл атындағы орта мектебі мектепке дейінгі шағын орталығымен" мемлекеттік коммуналдық мекемесінің ғимараты.

Шекарасы Балатопар ауылы:

А. Достемесұлы көшесі: № 1, 2, 3, 4, 5, 6, 7, 8, 9, 10, 11, 12, 13, 14, 15, 16, 17, 18, 19, 20, 21, 22, 23, 24, 25, 26;

Б. Әуелбаев көшесі: № 1, 2, 3, 4, 5, 6, 7, 8, 9, 10, 11, 12, 13, 14, 15;

Б. Жүпарбаев көшесі: № 1, 2, 3, 4, 5, 6, 7, 8, 9, 10, 11, 12, 13, 14, 15, 16;

Батыс көшесі: № 1, 2, 3, 4, 5, 6, 7, 8, 9, 10, 11, 12, 13, 14, 15, 16, 17;

Бөлтірік көшесі: № 1Б, 2, 3, 4, 5, 6, 7, 8, 9, 10, 11, 12, 13, 14, 15, 16, 17, 18, 19, 20, 21, 22, 23, 24, 25А;

Е. Алмабаев көшесі: № 1, 2, 3, 4, 5, 6, 7, 8, 9, 10, 11, 12, 13, 14, 15, 16;

Есім көшесі: № 1, 2, 3, 4, 5, 6, 7, 8, 9, 10, 11, 12, 13, 14, 15, 16, 17, 18, 19, 20, 21, 22, 23, 24, 25, 26, 27;

Желтоқсан көшесі: № 1Б, 2, 3, 4, 5, 6, 7, 8, 9, 10, 11;

К. Айнабеков көшесі: № 1, 2, 3, 4, 5, 6, 7, 8, 9, 10, 11;

Кұрылтай көшесі: № 1, 2, 3, 4, 5, 6, 7, 8, 9Б;

Мұса көшесі: № 1, 2, 3, 4, 5, 6, 7, 8, 9, 10, 11, 12, 13, 14, 15, 16, 17, 18, 19, 20, 21, 22, 23, 24;

Р. Молдағұлов көшесі: № 1, 2, 3, 4, 5, 6, 7, 8, 9, 10, 11, 12, 13, 14, 15, 16, 17, 18, 19, 20, 21, 22, 23;

С. Тышымов көшесі: № 2, 3, 4, 5, 6, 7, 8, 9, 10, 11, 12, 13, 14, 15, 16, 17, 18, 19, 20, 21, 22, 23, 24, 25, 26, 27;

Т. Құлмаханов көшесі: № 1, 2, 3, 4, 5, 6, 7, 8, 9, 10, 11, 12, 13;

Топар көшесі: № 1, 2, 3, 4, 5, 6, 7, 8, 9, 10, 11, 12, 13, 14, 15, 16, 17, 18, 19, 20, 21;

Х. Мұхтаров көшесі: № 1, 2, 3, 4, 5, 6, 7, 8, 9, 10, 11, 12, 13, 14, 15, 16, 17, 18, 19, 20, 21, 22, 23, 24, 25, 26;

Ы. Аманжолұлы көшесі: № 1, 2, 3, 4, 5, 6, 7, 8, 9, 10, 11, 12, 13, 14;

Ақбайлау көшесі: № 1, 2, 3, 4, 5, 6, 7, 8, 9, 10, 11, 12.

Ақдала ауылы:

Ақдала көшесі: № 1, 2, 3, 4, 5, 6, 7, 8, 9, 10, 11, 12, 13, 14, 15, 16, 17.

№ 117 сайлау учаскесі

Орналасқан жері: Жиделі ауылы, Жамбыл көшесі № 8, Балқаш ауданының әкімінің "Аудандық мәдениет үйі" мемлекеттік коммуналдық қазыналық кәсіпорнының Жиделі ауылдық мәдениет үйінің ғимараты.

Шекарасы Жиделі ауылы:

Атан көшесі: № 2, 3, 4, 5, 6, 7, 8, 9, 10, 11, 12, 13, 14, 15, 16;

Бакей көшесі: № 2, 3, 4, 5, 6, 7, 8, 9, 10, 11, 12, 13, 14, 15, 16, 17, 18, 19, 20, 21, 22, 23, 24, 25, 26, 27, 28, 29, 30, 31;

Бейсебеков көшесі: № 1, 2, 3, 4, 5, 6, 7, 8, 9, 10, 11, 12, 13, 14, 15, 16, 17, 18, 19;

Бейсекбаев көшесі: № 1, 2, 3, 4, 5, 6, 7, 8, 9, 10, 11, 12, 13, 14, 15, 16, 17, 18, 19, 20, 21, 22, 23, 24, 25, 26, 27, 28, 29, 30, 31, 32, 33, 34, 35, 36, 37, 38, 39, 40;

Бейсекеев көшесі: № 1, 2, 3, 4, 5, 6, 7, 8, 9, 10, 11, 12, 13, 14;

Достық көшесі: № 1, 2, 3, 4, 5, 6, 7, 8, 9, 10, 11, 12, 13, 14, 15, 16, 17, 18, 19, 20, 21, 22, 23, 24, 25, 26, 27, 28, 29, 30, 31, 32, 33, 34, 35, 36, 37, 38, 39, 40, 41, 42, 43, 44, 45, 46, 47;

Жамбыл көшесі: № 1, 2, 3, 4, 5, 6, 7, 8, 9, 10, 11, 12, 13, 14, 15, 16, 17;

Иманбеков көшесі: № 1, 2, 3, 4, 5, 6, 7, 8, 9, 10, 11, 12, 13, 14, 15, 16, 17, 18, 19, 20, 21, 22, 23, 24, 25, 26, 27, 28, 29, 30, 31, 32, 33, 34, 35, 36Б;

Қартоған көшесі: № 1, 2, 3, 4, 5, 6, 7, 8, 9, 10, 11, 12, 13, 14, 15, 16, 17, 18, 19, 20, 21, 22, 23, 24, 25, 26, 27, 28, 29, 30, 31, 32;

Қожабаев көшесі: № 1, 2, 3, 4, 5, 6, 7, 8, 9, 10, 11, 12, 13, 14, 15, 16, 17, 18, 19, 20, 21, 22, 23, 24, 25, 26, 27, 28, 29, 30, 31, 32, 33, 34, 35, 36, 37, 38, 39, 40, 41, 42, 43, 44, 45, 46, 47, 48, 49, 50, 51, 52, 53, 54, 55;

Несіпбаев көшесі: № 1, 2, 3, 4, 5, 6, 7, 8, 9, 10, 11, 12, 13, 14, 15.

Қошқарбай ауылы:

Қошқарбай көшесі: 1, 2, 3, 4, 5, 6, 7, 8, 9, 10, 11.

Орақты батыр ауылы:

Орақты батыр көшесі: № 1, 2, 3, 4, 5, 6, 7, 8, 9, 10, 11, 12, 13, 14, 15, 16, 17, 18, 19.

№ 118 сайлау учаскесі

Орналасқан жері: Құйған ауылы, Ш. Омарбеков көшесі № 23 А, Балқаш ауданының әкімінің "Аудандық мәдениет үйі" мемлекеттік коммуналдық қазыналық кәсіпорнының Құйған ауылдық мәдениет үйінің ғимараты.

Шекарасы Құйған ауылы:

Г. Ким көшесі: № 1, 2, 3, 4, 5, 6, 7, 8, 9, 10, 11, 12, 13, 14, 15, 16, 17, 18, 19, 20, 21, 22, 23, 24, 25, 26, 27, 28, 29;

Іле көшесі: № 1, 2, 3, 4, 5, 6, 7, 8, 9, 10, 11, 12, 13, 14, 15, 16, 17, 18, 19, 20, 21, 22, 23, 24, 25, 26, 27, 28, 29, 30, 31, 32, 33, 34, 35, 36, 37, 38, 39, 40, 41, 42, 43, 44, 45;

К. Шоханов көшесі: № 1, 2, 3, 4, 5, 6, 7, 8, 9, 10, 11, 12;

М. Молдаров көшесі: № 1, 2, 3, 4, 5, 6, 7, 8, 9, 10, 11, 12, 13, 14, 15, 16, 17, 18, 19, 20, 21, 22, 23, 24, 25, 26, 27, 28, 29, 30, 31, 32, 33, 34, 35, 36, 37, 38, 39, 40, 41, 42, 43, 44, 45, 46, 47;

Ни-Хак-Сун көшесі: № 1, 2, 3, 4, 5, 6, 7, 8, 9, 10, 11, 12, 13, 14, 15, 16, 17, 18, 19, 20, 21, 22, 23, 24, 25, 26, 27, 28, 29, 30, 31, 32, 33, 34, 35, 36, 37, 38, 39, 40, 41, 42, 43, 44, 45, 46, 47, 48, 49, 50;

Р. Жокимаров көшесі: № 1, 2, 3, 4, 5, 6, 7, 8, 9, 10, 11, 12, 13, 14, 15, 16, 17, 18, 19, 20, 21, 22, 23, 24, 25, 26, 27, 28, 29, 30, 31, 32, 33, 34, 35, 36, 37, 38, 39, 40, 41, 42, 43;

Ш. Омарбеков көшесі: № 1, 2, 3, 4, 5, 6, 7, 8, 9, 10, 11, 12, 13, 14, 15, 16, 17, 18, 19, 20, 21, 22, 23 А, 24, 25, 26, 27, 28, 29, 30, 31, 32, 33, 34, 35, 36, 37, 38.

Қара-Өзек ауылы:

Бес-Ағаш көшесі: № 1, 2, 3, 4, 5, 6, 7, 8, 9, 10, 11, 12, 13, 14, 15, 16, 17, 18, 19, 20, 21, 22, 23, 24, 25, 26, 27, 28, 29, 30, 31, 32, 33.

№ 987 сайлау учаскесі

Орналасқан жері: Бақанас ауылы, Ә. Ахметов көшесі № 14, "Алматы облысының денсаулық сақтау басқармасы" мемлекеттік мекемесінің шаруашылық жүргізу құқығындағы "Балқаш аудандық орталық ауруханасы" мемлекеттік коммуналдық кәсіпорынының ғимараты.

Шекарасы Бақанас ауылы: "Алматы облысының денсаулық сақтау басқармасы" мемлекеттік мекемесінің шаруашылық жүргізу құқығындағы "Балқаш аудандық орталық ауруханасы" мемлекеттік коммуналдық кәсіпорыны ғимаратының аумағы.

